! /1
1
1
1
1
1
0
1
0

" /4
0101
0101
1010
0000
0000
0000
0000
0000

# /5
00000
00101
11111
01010
11111
10100
00000
00000

$ /5
01111
10100
10100
01110
00101
00101
11110
00000

% /5
00000
11001
11010
00100
01011
10011
00000
00000

& /5
01100
10010
10010
01101
10010
10010
01101
00000

' /1
1
1
0
0
0
0
0
0

( /2
01
10
10
10
10
10
01
00

) /2
10
01
01
01
01
01
10
00

* /5
00000
10101
01110
11111
01110
10101
00000
00000

+ /5
00000
00100
00100
11111
00100
00100
00000
00000

, /2
00
00
00
00
00
00
01
10


- /3
00000
00000
00000
00111
00000
00000
00000
00000

. /1
0
0
0
0
0
0
1
0

/ /5
00000
00001
00010
00100
01000
10000
00000
00000

'0' /5
01110
10001
10011
10101
11001
10001
01110
00000

'1' /3
010
110
010
010
010
010
111
000

'2' /5
01110
10001
00010
00100
01000
10000
11111
00000

'3' /5
01110
10001
00001
00110
00001
10001
01110
00000

'4' /5
00010
00110
01010
10010
11111
00010
00010
00000

'5' /5
11111
10000
10000
11110
00001
00001
11110
00000

'6' /5
01110
10001
10000
11110
10001
10001
01110
00000

'7' /5
11111
10001
00010
00100
01000
01000
01000
00000

'8' /5
01110
10001
10001
01110
10001
10001
01110
00000

'9' /5
01110
10001
10001
01111
00001
10001
01110
00000

: /1
0
0
1
0
0
0
1
0

; /2
00
00
01
00
00
01
10
00

< /3
000
001
010
100
010
001
000
000

= /5
00000
00000
11111
00000
11111
00000
00000
00000

> /3
000
100
010
001
010
100
000
000

? /5
01110
10001
00001
00010
00100
00000
00100
00000

@ /5
01110
10001
10111
10101
10111
01000
00111
00000

A /5
01110
10001
10001
11111
10001
10001
10001
00000

B /5
11110
10001
10001
11110
10001
10001
11110
00000

C /5
01111
10000
10000
10000
10000
10000
01111
00000

D /5
11110
10001
10001
10001
10001
10001
11110
00000

E /5
11111
10000
10000
11110
10000
10000
11111
00000

F /5
11111
10000
10000
11111
10000
10000
10000
00000

G /5
01110
10000
10000
10011
10001
10001
01110
00000

H /5
10001
10001
10001
11111
10001
10001
10001
00000

I /3
111
010
010
010
010
010
111
000

J /5
00111
00001
00001
00001
00001
10001
01110
00000

K /5
10001
10010
10100
11000
10100
10010
10001
00000

L /5
10000
10000
10000
10000
10000
10000
11111
00000

M /5
10001
10001
11011
10101
10001
10001
10001
00000

N /5
10001
10001
11001
10101
10011
10001
10001
00000

O /5
01110
10001
10001
10001
10001
10001
01110
00000

P /5
11110
10001
10001
11110
10000
10000
10000
00000

Q /5
01110
10001
10001
10001
10001
10010
01101
00000

R /5
11110
10001
10001
11110
10001
10001
10001
00000

S /5
01111
10000
10000
01110
00001
00001
11110
00000

T /5
11111
00100
00100
00100
00100
00100
00100
00000

U /5
10001
10001
10001
10001
10001
10001
01110
00000

V /5
10001
10001
10001
01010
01010
00100
00100
00000

W /5
10001
10001
10101
10101
10101
11011
10001
00000

X /5
10001
10001
01010
00100
01010
10001
10001
00000

Y /5
10001
10001
01010
00100
00100
00100
00100
00000

Z /5
11111
00001
00010
00100
01000
10000
11111
00000

a /5
00000
00000
01110
00001
01111
10001
01111
00000

b /5
10000
10000
11110
10001
10001
10001
11110
00000

c /5
00000
00000
01111
10000
10000
10000
01111
00000

d /5
00001
00001
01111
10001
10001
10001
01111
00000

e /5
00000
00000
01110
10001
11111
10000
01111
00000

f /3
011
100
110
100
100
100
100
000

g /5
00000
00000
01111
10001
10001
01111
00001
01110

h /5
10000
10000
11110
10001
10001
10001
10001
00000

i /3
010
000
110
010
010
010
111
000

j /3
001
000
011
001
001
001
001
110

k /5
10000
10000
10001
10010
11100
10010
10001
00000

l /2
10
10
10
10
10
10
01
00

m /5
00000
00000
11010
10101
10101
10101
10101

n /5
00000
00000
10110
11001
10001
10001
10001
00000

o /5
00000
00000
01110
10001
10001
10001
01110
00000

p /5
00000
00000
11110
10001
10001
11110
10000
10000

q /5
00000
00000
01111
10001
10001
01111
00001
00001

r /5
00000
00000
10110
11001
10000
10000
10000
00000

s /5
00000
00000
01111
10000
01110
00001
11110
00000

t /4
0100
0100
1110
0100
0100
0100
0011
0000

u /5
00000
00000
10001
10001
10001
10011
01101
00000

v /5
00000
00000
10001
10001
01010
01010
00100
00000

w /5
00000
00000
10101
10101
10101
10101
01010
00000

x/5
00000
00000
10001
01010
00100
01010
10001
00000

y/5
00000
00000
10001
10001
10001
01111
00001
01110

z/5
00000
00000
11111
00010
00100
01000
11111
00000


Á/5
00010
00100
01110
10001
11111
10001
10001
00000

É/5
00010
00100
11111
10000
11110
10000
11111
00000


Í/5
00001
00010
01110
00100
00100
00100
01110
00000

Ó/5
00010
00100
01110
10001
10001
10001
01110
00000

Ö/5
01010
00000
01110
10001
10001
10001
01110
00000


Ő/5
00101
01010
01110
10001
10001
10001
01110
00000

Ú/5
00010
00100
10001
10001
10001
10001
01110
00000

Ü/5
01010
00000
10001
10001
10001
10001
01110
00000

Ű/5
00101
01010
10001
10001
10001
10001
01110
00000



á/5
00010
00100
01110
00001
01111
10001
01111
00000

é/5
00010
00100
01110
10001
11111
10000
01111
00000

í/3
001
010
110
010
010
010
111
000

ó/5
00010
00100
00000
01110
10001
10001
01110
00000

ö/5
00000
01010
00000
01110
10001
10001
01110
00000

ő/5
00101
01010
00000
01110
10001
10001
01110
00000

ú/5
00010
00100
00000
10001
10001
10011
01101
00000

ü/5
00000
01010
00000
10001
10001
10011
01101
00000

ű/5
00101
01010
00000
10001
10001
10011
01101
00000

