Nagy betűk:

A
01110
10001
10001
11111
10001
10001
10001
00000

B
11110
10001
10001
11110
10001
10001
11110
00000

C
01111
10000
10000
10000
10000
10000
01111
00000

D
11110
10001
10001
10001
10001
10001
11110
00000

E
11111
10000
10000
11110
10000
10000
11111
00000

F
11111
10000
10000
11111
10000
10000
10000
00000

G
01110
10000
10000
10011
10001
10001
01110
00000

H
10001
10001
10001
11111
10001
10001
10001
00000

I
01110
00100
00100
00100
00100
00100
01110
00000

J
00111
00001
00001
00001
00001
10001
01110
00000

K

10001
10010
10100
11000
10100
10010
10001
00000

L
10000
10000
10000
10000
10000
10000
11111
00000

M
10001
10001
11011
10101
10001
10001
10001
00000

N
10001
10001
11001
10101
10011
10001
10001
00000

O
01110
10001
10001
10001
10001
10001
01110
00000

P
11110
10001
10001
11110
10000
10000
10000
00000

Q
01110
10001
10001
10001
10001
10010
01101
00000

R
11110
10001
10001
11110
10001
10001
10001
00000

S
01111
10000
10000
01110
00001
00001
11110
00000

T
11111
00100
00100
00100
00100
00100
00100
00100
00000

U
10001
10001
10001
10001
10001
10001
01110
00000

V
10001
10001
10001
01010
01010
00100
00100
00000

W
10001
10001
10101
10101
10101
11011
10001
00000

X
10001
10001
01010
00100
01010
10001
10001
00000

Y
10001
10001
01010
00100
00100
00100
00100
00000

Z
11111
00001
00010
00100
01000
10000
11111
00000


Kisbetűk:

a
00000
00000
01110
00001
01111
10001
01111
00000

b
10000
10000
11110
10001
10001
10001
11110
00000

c
00000
00000
01111
10000
10000
10000
01111
00000

d
00001
00001
01111
10001
10001
10001
01111
00000

e
00000
00000
01110
10001
11111
10000
01111
00000

f
00110
01000
01100
01000
01000
01000
01000
00000

g
00000
01110
10001
10001
10001
01111
00001
01110

h
10000
10000
11110
10001
10001
10001
10001
00000

i
00100
00000
01100
00100
00100
00100
01110
00000

j
00010
00000
00110
00010
00010
00010
01100
00000

k
10000
10000
10001
10010
11100
10010
10001
00000

l
00100
00100
00100
00100
00100
00100
00010
00000

m
00000
00000
01010
10101
10101
10101
10101

n
00000
00000
10110
11001
10001
10001
10001
00000

o
00000
00000
01110
10001
10001
10001
01110
00000

p
00000
00000
11110
10001
10001
11110
10000
10000

q
00000
00000
01111
10001
10001
01111
00001
00001

r
00000
00000
10110
11001
10000
10000
10000
00000

s
00000
00000
01111
10000
01110
00001
11110
00000

t
00100
00100
01110
00100
00100
00100
00011
00000

u
00000
00000
10001
10001
10001
10001
01110
00000

v
00000
00000
10001
10001
01010
01010
00100
00000

w
00000
00000
10101
10101
10101
10101
01010
00000

x
00000
00000
10001
01010
00100
01010
10001
00000

y
00000
00000
10001
10001
10001
01111
00001
01110

z
00000
00000
11111
00010
00100
01000
11111
00000



Számok:

'0'
01110
10001
10010
10101
11001
10001
01110
00000

'1'
00100
01100
00100
00100
00100
00100
01110
00000

'2'
01110
10001
00010
00100
01000
10000
11111
00000

'3'
01110
10001
00001
00110
00001
10001
01110
00000

'4'
00010
00110
01010
10010
11111
00010
00010
00000

'5'
11111
10000
10000
11110
00001
00001
11110
00000

'6'
01110
10001
10000
11110
10001
10001
01110
00000

'7'
11111
10001
00010
00100
01000
01000
01000
00000

'8'
01110
10001
10001
01110
10001
10001
01110
00000

'9'
01110
10001
10001
01111
00001
10001
01110
00000


Speciális:
!
00100
00100
00100
00100
00100
00000
00100
00000

?
01110
10001
00001
00010
00100
00000
00100
00000

&
01100
10010
10010
01101
10010
10010
01101
00000

.
00000
00000
00000
00000
00000
00000
00100
00000

,
00000
00000
00000
00000
00000
00100
01000
00000

(
00010
00100
00100
00100
00100
00100
00010
00000

)
01000
00100
00100
00100
00100
00100
01000
00000

:
00000
00000
00100
00000
00000
00000
00100
00000

;
00000
00000
00100
00000
00000
00100
01000
00000

x (szorzás)
00000
10001
01010
00100
01010
10001
00000
00000

/
00000
00001
00010
00100
01000
10000
00000
00000

+
00000
00100
00100
11111
00100
00100
00000
00000

-
00000
00000
00000
11111
00000
00000
00000
00000

=
00000
00000
11111
00000
11111
00000
00000
00000

<
00000
00010
00100
01000
00100
00010
00000
00000

>
00000
01000
00100
00010
00100
01000
00000
00000


Ékezetes:

Á
00010
00100
01110
10001
10001
11111
10001
10001

É
00010
00100
11111
10000
11110
10000
10000
11111

Í
00001
00010
01110
00100
00100
00100
00100
01110

Ó
00010
00100
01110
10001
10001
10001
10001
01110

Ö
01010
00000
01110
10001
10001
10001
10001
01110

Ő
00101
01010
01110
10001
10001
10001
10001
01110


Ú
00010
00100
10001
10001
10001
10001
10001
01110

Ü
01010
00000
10001
10001
10001
10001
10001
01110

Ű
00101
01010
10001
10001
10001
10001
10001
01110



á
00010
00100
01110
00001
01111
10001
01111
00000

é
00010
00100
01110
10001
11111
10000
01111
00000

í
00010
00100
01100
00100
00100
00100
01110
00000

ó
00010
00100
01110
10001
10001
10001
01110
00000

ö
01010
00000
01110
10001
10001
10001
01110
00000

ő
00101
01010
01110
10001
10001
10001
01110
00000

ú
00010
00100
10001
10001
10001
10001
01110
00000

ü
01010
00000
10001
10001
10001
10001
01110
00000

ű
00101
01010
10001
10001
10001
10001
01110
00000
